/*
 * filterCoef.h
 *
 *  Created on: 5 쐙 2017
 *      Author: Thanos
 * This file contains preconstructed filters used to reduce execution time
 */

#ifndef FILTERCOEF_H_
#define FILTERCOEF_H_

const double bank[24][129]={
		{0,0,0,0.48648,1.5615,1.4035,0.40554,0,0,0,0,0,0,0,0,0,0,0,0,0,0,0,0,0,0,0,0,0,0,0,0,0,0,0,0,0,0,0,0,0,0,0,0,0,0,0,0,0,0,0,0,0,0,0,0,0,0,0,0,0,0,0,0,0,0,0,0,0,0,0,0,0,0,0,0,0,0,0,0,0,0,0,0,0,0,0,0,0,0,0,0,0,0,0,0,0,0,0,0,0,0,0,0,0,0,0,0,0,0,0,0,0,0,0,0,0,0,0,0,0,0,0,0,0,0,0,0,0,0},
		{0,0,0,0,0,0.59653,1.5945,1.4422,0.51098,0,0,0,0,0,0,0,0,0,0,0,0,0,0,0,0,0,0,0,0,0,0,0,0,0,0,0,0,0,0,0,0,0,0,0,0,0,0,0,0,0,0,0,0,0,0,0,0,0,0,0,0,0,0,0,0,0,0,0,0,0,0,0,0,0,0,0,0,0,0,0,0,0,0,0,0,0,0,0,0,0,0,0,0,0,0,0,0,0,0,0,0,0,0,0,0,0,0,0,0,0,0,0,0,0,0,0,0,0,0,0,0,0,0,0,0,0,0,0,0},
		{0,0,0,0,0,0,0,0.55785,1.489,1.61,0.73718,0,0,0,0,0,0,0,0,0,0,0,0,0,0,0,0,0,0,0,0,0,0,0,0,0,0,0,0,0,0,0,0,0,0,0,0,0,0,0,0,0,0,0,0,0,0,0,0,0,0,0,0,0,0,0,0,0,0,0,0,0,0,0,0,0,0,0,0,0,0,0,0,0,0,0,0,0,0,0,0,0,0,0,0,0,0,0,0,0,0,0,0,0,0,0,0,0,0,0,0,0,0,0,0,0,0,0,0,0,0,0,0,0,0,0,0,0,0},
		{0,0,0,0,0,0,0,0,0,0.39004,1.2628,1.8909,1.0697,0.27192,0,0,0,0,0,0,0,0,0,0,0,0,0,0,0,0,0,0,0,0,0,0,0,0,0,0,0,0,0,0,0,0,0,0,0,0,0,0,0,0,0,0,0,0,0,0,0,0,0,0,0,0,0,0,0,0,0,0,0,0,0,0,0,0,0,0,0,0,0,0,0,0,0,0,0,0,0,0,0,0,0,0,0,0,0,0,0,0,0,0,0,0,0,0,0,0,0,0,0,0,0,0,0,0,0,0,0,0,0,0,0,0,0,0,0},
		{0,0,0,0,0,0,0,0,0,0,0,0.10906,0.93034,1.7281,1.4964,0.7419,0.00732,0,0,0,0,0,0,0,0,0,0,0,0,0,0,0,0,0,0,0,0,0,0,0,0,0,0,0,0,0,0,0,0,0,0,0,0,0,0,0,0,0,0,0,0,0,0,0,0,0,0,0,0,0,0,0,0,0,0,0,0,0,0,0,0,0,0,0,0,0,0,0,0,0,0,0,0,0,0,0,0,0,0,0,0,0,0,0,0,0,0,0,0,0,0,0,0,0,0,0,0,0,0,0,0,0,0,0,0,0,0,0,0},
		{0,0,0,0,0,0,0,0,0,0,0,0,0,0,0.5036,1.2581,1.9927,1.2916,0.59385,0,0,0,0,0,0,0,0,0,0,0,0,0,0,0,0,0,0,0,0,0,0,0,0,0,0,0,0,0,0,0,0,0,0,0,0,0,0,0,0,0,0,0,0,0,0,0,0,0,0,0,0,0,0,0,0,0,0,0,0,0,0,0,0,0,0,0,0,0,0,0,0,0,0,0,0,0,0,0,0,0,0,0,0,0,0,0,0,0,0,0,0,0,0,0,0,0,0,0,0,0,0,0,0,0,0,0,0,0,0},
		{0,0,0,0,0,0,0,0,0,0,0,0,0,0,0,0,0,0.70839,1.4062,1.9131,1.2487,0.59973,0,0,0,0,0,0,0,0,0,0,0,0,0,0,0,0,0,0,0,0,0,0,0,0,0,0,0,0,0,0,0,0,0,0,0,0,0,0,0,0,0,0,0,0,0,0,0,0,0,0,0,0,0,0,0,0,0,0,0,0,0,0,0,0,0,0,0,0,0,0,0,0,0,0,0,0,0,0,0,0,0,0,0,0,0,0,0,0,0,0,0,0,0,0,0,0,0,0,0,0,0,0,0,0,0,0,0},
		{0,0,0,0,0,0,0,0,0,0,0,0,0,0,0,0,0,0,0,0.08685,0.7513,1.4003,1.9655,1.3455,0.73896,0.14535,0,0,0,0,0,0,0,0,0,0,0,0,0,0,0,0,0,0,0,0,0,0,0,0,0,0,0,0,0,0,0,0,0,0,0,0,0,0,0,0,0,0,0,0,0,0,0,0,0,0,0,0,0,0,0,0,0,0,0,0,0,0,0,0,0,0,0,0,0,0,0,0,0,0,0,0,0,0,0,0,0,0,0,0,0,0,0,0,0,0,0,0,0,0,0,0,0,0,0,0,0,0,0},
		{0,0,0,0,0,0,0,0,0,0,0,0,0,0,0,0,0,0,0,0,0,0,0.03445,0.6545,1.261,1.8546,1.5641,0.9948,0.43688,0,0,0,0,0,0,0,0,0,0,0,0,0,0,0,0,0,0,0,0,0,0,0,0,0,0,0,0,0,0,0,0,0,0,0,0,0,0,0,0,0,0,0,0,0,0,0,0,0,0,0,0,0,0,0,0,0,0,0,0,0,0,0,0,0,0,0,0,0,0,0,0,0,0,0,0,0,0,0,0,0,0,0,0,0,0,0,0,0,0,0,0,0,0,0,0,0,0,0,0},
		{0,0,0,0,0,0,0,0,0,0,0,0,0,0,0,0,0,0,0,0,0,0,0,0,0,0,0.43587,1.0052,1.5631,1.8899,1.3535,0.82722,0.31071,0,0,0,0,0,0,0,0,0,0,0,0,0,0,0,0,0,0,0,0,0,0,0,0,0,0,0,0,0,0,0,0,0,0,0,0,0,0,0,0,0,0,0,0,0,0,0,0,0,0,0,0,0,0,0,0,0,0,0,0,0,0,0,0,0,0,0,0,0,0,0,0,0,0,0,0,0,0,0,0,0,0,0,0,0,0,0,0,0,0,0,0,0,0,0,0},
		{0,0,0,0,0,0,0,0,0,0,0,0,0,0,0,0,0,0,0,0,0,0,0,0,0,0,0,0,0,0.11008,0.6465,1.1728,1.6893,1.8036,1.3056,0.81629,0.33547,0,0,0,0,0,0,0,0,0,0,0,0,0,0,0,0,0,0,0,0,0,0,0,0,0,0,0,0,0,0,0,0,0,0,0,0,0,0,0,0,0,0,0,0,0,0,0,0,0,0,0,0,0,0,0,0,0,0,0,0,0,0,0,0,0,0,0,0,0,0,0,0,0,0,0,0,0,0,0,0,0,0,0,0,0,0,0,0,0,0,0,0},
		{0,0,0,0,0,0,0,0,0,0,0,0,0,0,0,0,0,0,0,0,0,0,0,0,0,0,0,0,0,0,0,0,0,0.19639,0.69443,1.1837,1.6645,1.8628,1.398,0.94089,0.49113,0.04853,0,0,0,0,0,0,0,0,0,0,0,0,0,0,0,0,0,0,0,0,0,0,0,0,0,0,0,0,0,0,0,0,0,0,0,0,0,0,0,0,0,0,0,0,0,0,0,0,0,0,0,0,0,0,0,0,0,0,0,0,0,0,0,0,0,0,0,0,0,0,0,0,0,0,0,0,0,0,0,0,0,0,0,0,0,0,0},
		{0,0,0,0,0,0,0,0,0,0,0,0,0,0,0,0,0,0,0,0,0,0,0,0,0,0,0,0,0,0,0,0,0,0,0,0,0,0.1372,0.60197,1.0591,1.5089,1.9515,1.6128,1.1839,0.76143,0.34529,0,0,0,0,0,0,0,0,0,0,0,0,0,0,0,0,0,0,0,0,0,0,0,0,0,0,0,0,0,0,0,0,0,0,0,0,0,0,0,0,0,0,0,0,0,0,0,0,0,0,0,0,0,0,0,0,0,0,0,0,0,0,0,0,0,0,0,0,0,0,0,0,0,0,0,0,0,0,0,0,0,0,0},
		{0,0,0,0,0,0,0,0,0,0,0,0,0,0,0,0,0,0,0,0,0,0,0,0,0,0,0,0,0,0,0,0,0,0,0,0,0,0,0,0,0,0,0.38715,0.81612,1.2386,1.6547,1.9353,1.5312,1.1329,0.74027,0.35307,0,0,0,0,0,0,0,0,0,0,0,0,0,0,0,0,0,0,0,0,0,0,0,0,0,0,0,0,0,0,0,0,0,0,0,0,0,0,0,0,0,0,0,0,0,0,0,0,0,0,0,0,0,0,0,0,0,0,0,0,0,0,0,0,0,0,0,0,0,0,0,0,0,0,0,0,0,0},
		{0,0,0,0,0,0,0,0,0,0,0,0,0,0,0,0,0,0,0,0,0,0,0,0,0,0,0,0,0,0,0,0,0,0,0,0,0,0,0,0,0,0,0,0,0,0,0.06472,0.46878,0.86706,1.2597,1.6469,1.9712,1.5945,1.2228,0.85598,0.49395,0.13658,0,0,0,0,0,0,0,0,0,0,0,0,0,0,0,0,0,0,0,0,0,0,0,0,0,0,0,0,0,0,0,0,0,0,0,0,0,0,0,0,0,0,0,0,0,0,0,0,0,0,0,0,0,0,0,0,0,0,0,0,0,0,0,0,0,0,0,0,0,0,0,0},
		{0,0,0,0,0,0,0,0,0,0,0,0,0,0,0,0,0,0,0,0,0,0,0,0,0,0,0,0,0,0,0,0,0,0,0,0,0,0,0,0,0,0,0,0,0,0,0,0,0,0,0,0.02882,0.40554,0.77723,1.144,1.5061,1.8634,1.7837,1.4353,1.0912,0.75125,0.41543,0.08361,0,0,0,0,0,0,0,0,0,0,0,0,0,0,0,0,0,0,0,0,0,0,0,0,0,0,0,0,0,0,0,0,0,0,0,0,0,0,0,0,0,0,0,0,0,0,0,0,0,0,0,0,0,0,0,0,0,0,0,0,0,0,0,0,0,0},
		{0,0,0,0,0,0,0,0,0,0,0,0,0,0,0,0,0,0,0,0,0,0,0,0,0,0,0,0,0,0,0,0,0,0,0,0,0,0,0,0,0,0,0,0,0,0,0,0,0,0,0,0,0,0,0,0,0,0.21627,0.5647,0.90883,1.2488,1.5846,1.9164,1.7557,1.4316,1.1112,0.79453,0.48137,0.1717,0,0,0,0,0,0,0,0,0,0,0,0,0,0,0,0,0,0,0,0,0,0,0,0,0,0,0,0,0,0,0,0,0,0,0,0,0,0,0,0,0,0,0,0,0,0,0,0,0,0,0,0,0,0,0,0,0,0,0,0},
		{0,0,0,0,0,0,0,0,0,0,0,0,0,0,0,0,0,0,0,0,0,0,0,0,0,0,0,0,0,0,0,0,0,0,0,0,0,0,0,0,0,0,0,0,0,0,0,0,0,0,0,0,0,0,0,0,0,0,0,0,0,0,0,0.2443,0.56839,0.88876,1.2055,1.5186,1.8283,1.8654,1.5625,1.2628,0.96635,0.67299,0.38269,0.09539,0,0,0,0,0,0,0,0,0,0,0,0,0,0,0,0,0,0,0,0,0,0,0,0,0,0,0,0,0,0,0,0,0,0,0,0,0,0,0,0,0,0,0,0,0,0,0,0,0,0,0,0,0},
		{0,0,0,0,0,0,0,0,0,0,0,0,0,0,0,0,0,0,0,0,0,0,0,0,0,0,0,0,0,0,0,0,0,0,0,0,0,0,0,0,0,0,0,0,0,0,0,0,0,0,0,0,0,0,0,0,0,0,0,0,0,0,0,0,0,0,0,0,0,0.13457,0.4375,0.73717,1.0337,1.327,1.6173,1.9046,1.811,1.5295,1.2509,0.97495,0.70174,0.43119,0.16325,0,0,0,0,0,0,0,0,0,0,0,0,0,0,0,0,0,0,0,0,0,0,0,0,0,0,0,0,0,0,0,0,0,0,0,0,0,0,0,0,0,0,0,0,0,0},
		{0,0,0,0,0,0,0,0,0,0,0,0,0,0,0,0,0,0,0,0,0,0,0,0,0,0,0,0,0,0,0,0,0,0,0,0,0,0,0,0,0,0,0,0,0,0,0,0,0,0,0,0,0,0,0,0,0,0,0,0,0,0,0,0,0,0,0,0,0,0,0,0,0,0,0,0,0.18898,0.47047,0.74914,1.0251,1.2983,1.5688,1.8368,1.8979,1.635,1.3745,1.1165,0.86089,0.60758,0.35654,0.10776,0,0,0,0,0,0,0,0,0,0,0,0,0,0,0,0,0,0,0,0,0,0,0,0,0,0,0,0,0,0,0,0,0,0,0,0,0,0},
		{0,0,0,0,0,0,0,0,0,0,0,0,0,0,0,0,0,0,0,0,0,0,0,0,0,0,0,0,0,0,0,0,0,0,0,0,0,0,0,0,0,0,0,0,0,0,0,0,0,0,0,0,0,0,0,0,0,0,0,0,0,0,0,0,0,0,0,0,0,0,0,0,0,0,0,0,0,0,0,0,0,0,0,0.10214,0.36503,0.62545,0.88346,1.1391,1.3924,1.6435,1.8922,1.8612,1.6167,1.3745,1.1343,0.89611,0.65998,0.42584,0.19365,0,0,0,0,0,0,0,0,0,0,0,0,0,0,0,0,0,0,0,0,0,0,0,0,0,0,0,0,0,0},
		{0,0,0,0,0,0,0,0,0,0,0,0,0,0,0,0,0,0,0,0,0,0,0,0,0,0,0,0,0,0,0,0,0,0,0,0,0,0,0,0,0,0,0,0,0,0,0,0,0,0,0,0,0,0,0,0,0,0,0,0,0,0,0,0,0,0,0,0,0,0,0,0,0,0,0,0,0,0,0,0,0,0,0,0,0,0,0,0,0,0,0,0.13883,0.38325,0.62554,0.86574,1.1039,1.34,1.5742,1.8063,1.9634,1.735,1.5085,1.2838,1.0609,0.83977,0.62039,0.40273,0.18675,0,0,0,0,0,0,0,0,0,0,0,0,0,0,0,0,0,0,0,0,0},
		{0,0,0,0,0,0,0,0,0,0,0,0,0,0,0,0,0,0,0,0,0,0,0,0,0,0,0,0,0,0,0,0,0,0,0,0,0,0,0,0,0,0,0,0,0,0,0,0,0,0,0,0,0,0,0,0,0,0,0,0,0,0,0,0,0,0,0,0,0,0,0,0,0,0,0,0,0,0,0,0,0,0,0,0,0,0,0,0,0,0,0,0,0,0,0,0,0,0,0,0.03662,0.265,0.49152,0.71621,0.9391,1.1602,1.3796,1.5973,1.8133,1.9724,1.7598,1.5487,1.3392,1.1313,0.92493,0.72008,0.51673,0.31485,0.11442,0,0,0,0,0,0,0,0,0,0,0},
		{0,0,0,0,0,0,0,0,0,0,0,0,0,0,0,0,0,0,0,0,0,0,0,0,0,0,0,0,0,0,0,0,0,0,0,0,0,0,0,0,0,0,0,0,0,0,0,0,0,0,0,0,0,0,0,0,0,0,0,0,0,0,0,0,0,0,0,0,0,0,0,0,0,0,0,0,0,0,0,0,0,0,0,0,0,0,0,0,0,0,0,0,0,0,0,0,0,0,0,0,0,0,0,0,0,0,0,0,0.02756,0.24024,0.45131,0.66078,0.86869,1.0751,1.2799,1.4833,1.6851,1.8856,1.9154,1.7178,1.5216,1.3268,1.1334,0.94124,0.75043,0.56092,0.37269,0.18572,0}

};

double cepLifter[12]={
	0.364702038659304,0.571428571428571,0.748948669588469,0.885164631815233,0.97079356539063,1,0.97079356539063,0.885164631815233,0.748948669588469,0.571428571428571,0.364702038659304,0.142857142857143
};
double dctcoef[24][24]={
		{0.20412,0.20412,0.20412,0.20412,0.20412,0.20412,0.20412,0.20412,0.20412,0.20412,0.20412,0.20412,0.20412,0.20412,0.20412,0.20412,0.20412,0.20412,0.20412,0.20412,0.20412,0.20412,0.20412,0.20412},
		{0.28806,0.28313,0.27336,0.2589,0.24002,0.21704,0.19034,0.16038,0.12768,0.09279,0.05632,0.01888,-0.01888,-0.05632,-0.09279,-0.12768,-0.16038,-0.19034,-0.21704,-0.24002,-0.2589,-0.27336,-0.28313,-0.28806},
		{0.28621,0.2667,0.22902,0.17573,0.11047,0.03768,-0.03768,-0.11047,-0.17573,-0.22902,-0.2667,-0.28621,-0.28621,-0.2667,-0.22902,-0.17573,-0.11047,-0.03768,0.03768,0.11047,0.17573,0.22902,0.2667,0.28621},
		{0.28313,0.24002,0.16038,0.05632,-0.05632,-0.16038,-0.24002,-0.28313,-0.28313,-0.24002,-0.16038,-0.05632,0.05632,0.16038,0.24002,0.28313,0.28313,0.24002,0.16038,0.05632,-0.05632,-0.16038,-0.24002,-0.28313},
		{0.27884,0.20412,0.07471,-0.07471,-0.20412,-0.27884,-0.27884,-0.20412,-0.07471,0.07471,0.20412,0.27884,0.27884,0.20412,0.07471,-0.07471,-0.20412,-0.27884,-0.27884,-0.20412,-0.07471,0.07471,0.20412,0.27884},
		{0.27336,0.16038,-0.01888,-0.19034,-0.28313,-0.2589,-0.12768,0.05632,0.21704,0.28806,0.24002,0.09279,-0.09279,-0.24002,-0.28806,-0.21704,-0.05632,0.12768,0.2589,0.28313,0.19034,0.01888,-0.16038,-0.27336},
		{0.2667,0.11047,-0.11047,-0.2667,-0.2667,-0.11047,0.11047,0.2667,0.2667,0.11047,-0.11047,-0.2667,-0.2667,-0.11047,0.11047,0.2667,0.2667,0.11047,-0.11047,-0.2667,-0.2667,-0.11047,0.11047,0.2667},
		{0.2589,0.05632,-0.19034,-0.28806,-0.16038,0.09279,0.27336,0.24002,0.01888,-0.21704,-0.28313,-0.12768,0.12768,0.28313,0.21704,-0.01888,-0.24002,-0.27336,-0.09279,0.16038,0.28806,0.19034,-0.05632,-0.2589},
		{0.25,0,-0.25,-0.25,-0,0.25,0.25,0,-0.25,-0.25,-0,0.25,0.25,0,-0.25,-0.25,0,0.25,0.25,0,-0.25,-0.25,0,0.25},
		{0.24002,-0.05632,-0.28313,-0.16038,0.16038,0.28313,0.05632,-0.24002,-0.24002,0.05632,0.28313,0.16038,-0.16038,-0.28313,-0.05632,0.24002,0.24002,-0.05632,-0.28313,-0.16038,0.16038,0.28313,0.05632,-0.24002},
		{0.22902,-0.11047,-0.28621,-0.03768,0.2667,0.17573,-0.17573,-0.2667,0.03768,0.28621,0.11047,-0.22902,-0.22902,0.11047,0.28621,0.03768,-0.2667,-0.17573,0.17573,0.2667,-0.03768,-0.28621,-0.11047,0.22902},
		{0.21704,-0.16038,-0.2589,0.09279,0.28313,-0.01888,-0.28806,-0.05632,0.27336,0.12768,-0.24002,-0.19034,0.19034,0.24002,-0.12768,-0.27336,0.05632,0.28806,0.01888,-0.28313,-0.09279,0.2589,0.16038,-0.21704},
		{0.20412,-0.20412,-0.20412,0.20412,0.20412,-0.20412,-0.20412,0.20412,0.20412,-0.20412,-0.20412,0.20412,0.20412,-0.20412,-0.20412,0.20412,0.20412,-0.20412,-0.20412,0.20412,0.20412,-0.20412,-0.20412,0.20412},
		{0.19034,-0.24002,-0.12768,0.27336,0.05632,-0.28806,0.01888,0.28313,-0.09279,-0.2589,0.16038,0.21704,-0.21704,-0.16038,0.2589,0.09279,-0.28313,-0.01888,0.28806,-0.05632,-0.27336,0.12768,0.24002,-0.19034},
		{0.17573,-0.2667,-0.03768,0.28621,-0.11047,-0.22902,0.22902,0.11047,-0.28621,0.03768,0.2667,-0.17573,-0.17573,0.2667,0.03768,-0.28621,0.11047,0.22902,-0.22902,-0.11047,0.28621,-0.03768,-0.2667,0.17573},
		{0.16038,-0.28313,0.05632,0.24002,-0.24002,-0.05632,0.28313,-0.16038,-0.16038,0.28313,-0.05632,-0.24002,0.24002,0.05632,-0.28313,0.16038,0.16038,-0.28313,0.05632,0.24002,-0.24002,-0.05632,0.28313,-0.16038},
		{0.14434,-0.28868,0.14434,0.14434,-0.28868,0.14434,0.14434,-0.28868,0.14434,0.14434,-0.28868,0.14434,0.14434,-0.28868,0.14434,0.14434,-0.28868,0.14434,0.14434,-0.28868,0.14434,0.14434,-0.28868,0.14434},
		{0.12768,-0.28313,0.21704,0.01888,-0.24002,0.27336,-0.09279,-0.16038,0.28806,-0.19034,-0.05632,0.2589,-0.2589,0.05632,0.19034,-0.28806,0.16038,0.09279,-0.27336,0.24002,-0.01888,-0.21704,0.28313,-0.12768},
		{0.11047,-0.2667,0.2667,-0.11047,-0.11047,0.2667,-0.2667,0.11047,0.11047,-0.2667,0.2667,-0.11047,-0.11047,0.2667,-0.2667,0.11047,0.11047,-0.2667,0.2667,-0.11047,-0.11047,0.2667,-0.2667,0.11047},
		{0.09279,-0.24002,0.28806,-0.21704,0.05632,0.12768,-0.2589,0.28313,-0.19034,0.01888,0.16038,-0.27336,0.27336,-0.16038,-0.01888,0.19034,-0.28313,0.2589,-0.12768,-0.05632,0.21704,-0.28806,0.24002,-0.09279},
		{0.07471,-0.20412,0.27884,-0.27884,0.20412,-0.07471,-0.07471,0.20412,-0.27884,0.27884,-0.20412,0.07471,0.07471,-0.20412,0.27884,-0.27884,0.20412,-0.07471,-0.07471,0.20412,-0.27884,0.27884,-0.20412,0.07471},
		{0.05632,-0.16038,0.24002,-0.28313,0.28313,-0.24002,0.16038,-0.05632,-0.05632,0.16038,-0.24002,0.28313,-0.28313,0.24002,-0.16038,0.05632,0.05632,-0.16038,0.24002,-0.28313,0.28313,-0.24002,0.16038,-0.05632},
		{0.03768,-0.11047,0.17573,-0.22902,0.2667,-0.28621,0.28621,-0.2667,0.22902,-0.17573,0.11047,-0.03768,-0.03768,0.11047,-0.17573,0.22902,-0.2667,0.28621,-0.28621,0.2667,-0.22902,0.17573,-0.11047,0.03768},
		{0.01888,-0.05632,0.09279,-0.12768,0.16038,-0.19034,0.21704,-0.24002,0.2589,-0.27336,0.28313,-0.28806,0.28806,-0.28313,0.27336,-0.2589,0.24002,-0.21704,0.19034,-0.16038,0.12768,-0.09279,0.05632,-0.01888}
};

uint16_t hamming[128] = {800,806,823,851,890,940,1001,1073,1156,1249,1352,1465,1587,1719,1860,2010,2167,2333,2507,2687,2874,3067,3266,3470,3679,3892,4109,4329,4551,4776,5002,5229,5457,5684,5911,6136,6360,6581,6800,7015,7226,7432,7634,7830,8020,8204,8381,8551,8712,8866,9012,9148,9275,9393,9501,9599,9687,9764,9831,9886,9931,9965,9987,9999,9999,9987,9965,9931,9886,9831,9764,9687,9599,9501,9393,9275,9148,9012,8866,8712,8551,8381,8204,8020,7830,7634,7432,7226,7015,6800,6581,6360,6136,5911,5684,5457,5229,5002,4776,4551,4329,4109,3892,3679,3470,3266,3067,2874,2687,2507,2333,2167,2010,1860,1719,1587,1465,1352,1249,1156,1073,1001,940,890,851,823,806,800};
#endif /* FILTERCOEF_H_ */

